   0.0000000000000000        9.8333333333333321     
  0.16666666666666666        9.6666666666666661     
  0.33333333333333331        9.5000000000000000     
  0.50000000000000000        9.3333333333333339     
  0.66666666666666663        9.1666666666666679     
  0.83333333333333326        9.0000000000000018     
   1.0000000000000000        8.8333333333333357     
   1.1666666666666665        8.6666666666666696     
   1.3333333333333333        8.5000000000000036     
   1.5000000000000000        8.3333333333333375     
   1.6666666666666665        8.1666666666666714     
   1.8333333333333333        8.0000000000000053     
   2.0000000000000000        7.8333333333333384     
   2.1666666666666665        7.6666666666666714     
   2.3333333333333330        7.5000000000000044     
   2.5000000000000000        7.3333333333333375     
   2.6666666666666665        7.1666666666666705     
   2.8333333333333330        7.0000000000000036     
   3.0000000000000000        6.8333333333333366     
   3.1666666666666665        6.6666666666666696     
   3.3333333333333330        6.5000000000000027     
   3.5000000000000000        6.3333333333333357     
   3.6666666666666665        6.1666666666666687     
   3.8333333333333330        6.0000000000000018     
   4.0000000000000000        5.8333333333333348     
   4.1666666666666661        5.6666666666666679     
   4.3333333333333330        5.5000000000000009     
   4.5000000000000000        5.3333333333333339     
   4.6666666666666661        5.1666666666666670     
   4.8333333333333330        5.0000000000000000     
   5.0000000000000000        4.8333333333333330     
   5.1666666666666661        4.6666666666666661     
   5.3333333333333330        4.4999999999999991     
   5.5000000000000000        4.3333333333333321     
   5.6666666666666661        4.1666666666666652     
   5.8333333333333330        3.9999999999999982     
   6.0000000000000000        3.8333333333333317     
   6.1666666666666661        3.6666666666666652     
   6.3333333333333330        3.4999999999999987     
   6.5000000000000000        3.3333333333333321     
   6.6666666666666661        3.1666666666666656     
   6.8333333333333330        2.9999999999999991     
   7.0000000000000000        2.8333333333333326     
   7.1666666666666661        2.6666666666666661     
   7.3333333333333330        2.4999999999999996     
   7.5000000000000000        2.3333333333333330     
   7.6666666666666661        2.1666666666666665     
   7.8333333333333330        2.0000000000000000     
   8.0000000000000000        1.8333333333333335     
   8.1666666666666661        1.6666666666666667     
   8.3333333333333321        1.5000000000000000     
   8.5000000000000000        1.3333333333333333     
   8.6666666666666661        1.1666666666666665     
   8.8333333333333321       0.99999999999999989     
   9.0000000000000000       0.83333333333333326     
   9.1666666666666661       0.66666666666666663     
   9.3333333333333321       0.50000000000000000     
   9.5000000000000000       0.33333333333333331     
   9.6666666666666661       0.16666666666666666     
   9.8333333333333321        0.0000000000000000     
