   0.0000000000000000        9.9999999999999840     
  0.16949152542372881        9.8305084745762557     
  0.33898305084745761        9.6610169491525273     
  0.50847457627118642        9.4915254237287989     
  0.67796610169491522        9.3220338983050706     
  0.84745762711864403        9.1525423728813422     
   1.0169491525423728        8.9830508474576138     
   1.1864406779661016        8.8135593220338855     
   1.3559322033898304        8.6440677966101571     
   1.5254237288135593        8.4745762711864288     
   1.6949152542372881        8.3050847457627004     
   1.8644067796610169        8.1355932203389720     
   2.0338983050847457        7.9661016949152437     
   2.2033898305084745        7.7966101694915153     
   2.3728813559322033        7.6271186440677869     
   2.5423728813559321        7.4576271186440586     
   2.7118644067796609        7.2881355932203302     
   2.8813559322033897        7.1186440677966019     
   3.0508474576271185        6.9491525423728735     
   3.2203389830508473        6.7796610169491451     
   3.3898305084745761        6.6101694915254168     
   3.5593220338983049        6.4406779661016884     
   3.7288135593220337        6.2711864406779601     
   3.8983050847457625        6.1016949152542317     
   4.0677966101694913        5.9322033898305033     
   4.2372881355932197        5.7627118644067750     
   4.4067796610169490        5.5932203389830466     
   4.5762711864406782        5.4237288135593182     
   4.7457627118644066        5.2542372881355899     
   4.9152542372881349        5.0847457627118615     
   5.0847457627118642        4.9152542372881332     
   5.2542372881355934        4.7457627118644048     
   5.4237288135593218        4.5762711864406764     
   5.5932203389830502        4.4067796610169481     
   5.7627118644067794        4.2372881355932197     
   5.9322033898305087        4.0677966101694913     
   6.1016949152542370        3.8983050847457625     
   6.2711864406779654        3.7288135593220337     
   6.4406779661016946        3.5593220338983049     
   6.6101694915254239        3.3898305084745761     
   6.7796610169491522        3.2203389830508473     
   6.9491525423728806        3.0508474576271185     
   7.1186440677966099        2.8813559322033897     
   7.2881355932203391        2.7118644067796609     
   7.4576271186440675        2.5423728813559321     
   7.6271186440677958        2.3728813559322033     
   7.7966101694915251        2.2033898305084745     
   7.9661016949152543        2.0338983050847457     
   8.1355932203389827        1.8644067796610169     
   8.3050847457627111        1.6949152542372881     
   8.4745762711864394        1.5254237288135593     
   8.6440677966101696        1.3559322033898304     
   8.8135593220338979        1.1864406779661016     
   8.9830508474576263        1.0169491525423728     
   9.1525423728813564       0.84745762711864403     
   9.3220338983050848       0.67796610169491522     
   9.4915254237288131       0.50847457627118642     
   9.6610169491525415       0.33898305084745761     
   9.8305084745762699       0.16949152542372881     
   10.000000000000000        0.0000000000000000     
